[-18.53544767  11.15531563  -7.89891454  18.64543893  30.76446397
   1.83177125  -8.8230886   15.56119661  15.3198706    4.23781476
   4.87220867  35.28034258  27.94204449  14.26825918  -2.68421269
   7.44873681   4.0181335   19.56144884  32.82917685  13.63881434
  14.36836516  -4.31682116  -9.04741433   0.10275978  15.76555654
 -16.85296067  30.46695609   1.08643961  24.14941422  11.19909023
  37.36768584   9.24466067  27.71791687  -6.51620191  10.56898635
  40.35488246  39.69401127  -0.38160323  -2.36873718  19.28276001
   6.25359021  45.77795477  22.73610373  11.92661824 -17.20072462
   3.29046917  18.44055047  12.95772867  -0.84409666  28.74185261
   2.67508986]
[-19.13152565  11.75935839  -8.11458244  19.4226679   31.55322235
   1.79188113  -8.57753251  15.30540316  15.83133191   4.33872146
   4.23654858  35.58833189  28.98380127  14.62415198  -3.7057656
   8.03930172   3.9430296   19.84544852  33.48040641  13.79841403
  14.35373821  -4.26912337 -10.35197328  -0.32459856  15.17945445
 -16.52293579  30.51275333   1.08068118  25.28107102  11.83137027
  37.50988957   9.85420329  28.35917744  -6.05630124  10.87519315
  39.77030478  41.07587785  -0.16519118  -3.0364326   19.94936214
   6.83163482  45.59773533  22.9222144   11.4945855  -17.73681658
   3.07561784  17.82610318  13.06720611  -0.67928076  29.27454518
   3.43150306]
[-1.96559782e+01  1.19976425e+01 -7.95446392e+00  1.98720470e+01
  3.18917265e+01  2.11742895e+00 -8.84649900e+00  1.53017962e+01
  1.65471941e+01  4.46794589e+00  3.97102638e+00  3.57578771e+01
  2.93651454e+01  1.44575269e+01 -3.89652869e+00  8.00148017e+00
  4.06514938e+00  2.00881172e+01  3.34966547e+01  1.38845246e+01
  1.42455334e+01 -4.24826151e+00 -1.06637306e+01 -3.81442252e-01
  1.52265518e+01 -1.66364603e+01  3.02890629e+01  8.55783343e-01
  2.55788472e+01  1.21270177e+01  3.79845072e+01  1.04366257e+01
  2.84912152e+01 -5.75615351e+00  1.10285389e+01  3.96691609e+01
  4.15786943e+01 -3.21240804e-02 -3.41080445e+00  2.01991095e+01
  7.31931971e+00  4.59433907e+01  2.31641180e+01  1.11689008e+01
 -1.81962397e+01  2.67576786e+00  1.76362950e+01  1.30660897e+01
 -7.55355465e-01  2.93126651e+01  3.76598364e+00]
[-20.23099769  11.89325871  -7.3182209   19.27864521  32.66508794
   2.31293577  -9.61363548  16.33868202  16.55102822   4.31284478
   4.80248651  36.2080072   30.27409122  14.13132523  -4.23041033
   7.16628516   4.829441    20.69630027  34.05432104  13.93178937
  13.10366554  -4.43125355 -10.4358254   -0.76552621  16.13895587
 -17.50803843  30.52844272   0.49327288  26.16804372  11.75908579
  38.700307    10.46467932  28.56048187  -6.17425548  11.41972545
  40.30066772  42.10664436  -0.35424492  -3.35313139  20.78608597
   7.64385671  47.29208206  22.9627296   11.2489001  -18.83762177
   2.39572655  18.05612563  13.41610773  -1.59743892  29.75218206
   3.63954025]
[-20.23099769  11.89325871  -7.3182209   19.27864521  32.66508794
   2.31293577  -9.61363548  16.33868202  16.55102822   4.31284478
   4.80248651  36.2080072   30.27409122  14.13132523  -4.23041033
   7.16628516   4.829441    20.69630027  34.05432104  13.93178937
  13.10366554  -4.43125355 -10.4358254   -0.76552621  16.13895587
 -17.50803843  30.52844272   0.49327288  26.16804372  11.75908579
  38.700307    10.46467932  28.56048187  -6.17425548  11.41972545
  40.30066772  42.10664436  -0.35424492  -3.35313139  20.78608597
   7.64385671  47.29208206  22.9627296   11.2489001  -18.83762177
   2.39572655  18.05612563  13.41610773  -1.59743892  29.75218206
   3.63954025]
[-13.05998233 -24.72171862   8.91139981  12.75293826   6.50432797
   7.45617319 -16.97024564   8.0120215   13.0793089   -0.54982328
  25.64716427  12.60345216   8.36295526  27.72965577  33.10755771
  -3.34741645   2.49377525  27.93087376   8.92990068  21.37293632
   4.26544597  26.532575    11.53783997  19.94797311  19.78989888
  28.46954686  10.04791458  12.80755476  22.94955791  41.59347856
  17.15228431  -0.27404241  20.54320872  30.77718878  23.99916375
  17.28055723   9.55528879  26.08006379  33.30171421  33.76786365
   1.63635834 -14.01788877  23.07341331  15.05504041  -1.59298885
  26.98193423  13.36006761  -1.19071716  29.06939764  17.08391289
  24.24298914]
[-13.16260377 -22.09091239   6.99172603  11.99126124   3.20705122
   7.09411762 -17.54628021   7.28441735   9.83688597  -1.48812673
  24.2717241   14.64180189  12.49219428  24.40093493  31.82609869
   1.01355122   3.19604368  29.1898387    7.27095213  19.83998414
   9.21437472  24.47908215   8.68865143  18.64726093  20.36032035
  27.21410175  11.66951535  13.01961359  24.20368091  36.75620088
  18.49020626   2.17307614  18.24640544  31.22824288  22.07486523
  17.64963236   8.11063272  26.41748888  31.04385435  30.46861374
   4.21876859  -9.70574025  22.86846197  12.6525226   -2.07895042
  25.77194579  13.80761069   2.90276279  26.70043053  16.48065872
  22.90574268]
[-14.05514028 -22.2966055   10.95508823  10.88581655   3.55430672
   7.12040379 -16.33915282   8.65488465  12.15872221  -0.16151767
  25.61324943  13.69531039  10.22303348  29.24827544  32.91937461
  -4.29511752   3.37329413  26.99174863  10.74838412  19.25380575
   8.11804044  26.08331095   9.91805321  20.35627562  19.95301633
  29.89863853  10.57610297   9.7553055   21.5908232   40.94729349
  19.54339081   0.39412057  18.49694722  33.5001568   24.47292758
  14.66097712   7.6348581   25.52844145  32.26191949  34.18084886
   4.87602884 -13.27372153  23.99963457  13.09231145  -2.16344642
  26.29884165  12.87304443   2.77763719  28.44358095  17.25496383
  23.80675505]
[-13.30549085 -21.050201     9.06109032   9.70362712   4.53452407
   7.66570965 -17.79443133   8.68268063  13.47073812   0.87940223
  19.94965706  14.19951711  10.81945034  27.22488921  29.8126466
  -3.4192732    2.92012115  28.73705901   7.75571003  21.65964104
   8.37929724  26.14725288   6.72965869  17.47019975  21.20663223
  24.92034869  14.74865024  12.10213431  21.89832051  40.42586655
  17.53680776   4.13610528  21.59654325  29.52849745  24.11934005
  14.90307806  10.5013858   25.59616184  32.19141131  33.71266751
   5.41735377  -9.31647942  19.08418083  11.28929046  -1.79839869
  26.47318035  13.58552953   1.4295686   23.60655085  16.29689161
  23.45869529]
[-1.32822842e+01 -2.24947004e+01  9.37364145e+00  1.07303486e+01
  3.95097517e+00  6.97065679e+00 -1.67107196e+01  7.98816145e+00
  1.21047872e+01 -3.07046538e-02  2.36320965e+01  1.35684850e+01
  1.08809102e+01  2.73536070e+01  3.21695807e+01 -2.11851819e+00
  2.93387316e+00  2.83083973e+01  8.23810226e+00  2.04244021e+01
  7.96047751e+00  2.53213163e+01  8.65707890e+00  1.91234064e+01
  2.04250392e+01  2.73548817e+01  1.16773808e+01  1.20029359e+01
  2.27570214e+01  3.91463058e+01  1.83860484e+01  1.96740237e+00
  2.00198216e+01  3.20563203e+01  2.41301770e+01  1.61778652e+01
  8.88300301e+00  2.58712894e+01  3.23630237e+01  3.26460819e+01
  3.88354213e+00 -1.13563883e+01  2.26015842e+01  1.27533834e+01
 -2.54693316e+00  2.65072616e+01  1.30558663e+01  1.54519222e+00
  2.72895744e+01  1.72248024e+01  2.36142641e+01]
[-1.32822842e+01 -2.24947004e+01  9.37364145e+00  1.07303486e+01
  3.95097517e+00  6.97065679e+00 -1.67107196e+01  7.98816145e+00
  1.21047872e+01 -3.07046538e-02  2.36320965e+01  1.35684850e+01
  1.08809102e+01  2.73536070e+01  3.21695807e+01 -2.11851819e+00
  2.93387316e+00  2.83083973e+01  8.23810226e+00  2.04244021e+01
  7.96047751e+00  2.53213163e+01  8.65707890e+00  1.91234064e+01
  2.04250392e+01  2.73548817e+01  1.16773808e+01  1.20029359e+01
  2.27570214e+01  3.91463058e+01  1.83860484e+01  1.96740237e+00
  2.00198216e+01  3.20563203e+01  2.41301770e+01  1.61778652e+01
  8.88300301e+00  2.58712894e+01  3.23630237e+01  3.26460819e+01
  3.88354213e+00 -1.13563883e+01  2.26015842e+01  1.27533834e+01
 -2.54693316e+00  2.65072616e+01  1.30558663e+01  1.54519222e+00
  2.72895744e+01  1.72248024e+01  2.36142641e+01]
[-13.13620327 -20.91379548   9.68302818  10.97402534   5.61871083
   5.71139596 -17.81746166   7.91889513  12.13852768  -1.45133441
  23.65573357  13.05153297   9.84814813  28.50886988  33.06316332
  -1.25413679   1.53312496  28.52426733   7.99580251  19.19361293
   6.68048924  25.74583726   9.83459164  19.23774267  20.80002159
  26.22431958  12.29103452  10.74427217  21.21381643  38.78574624
  18.70155588   1.93626792  20.34571745  29.68504918  22.66955798
  16.74016994  10.41397727  25.82575247  31.64388189  32.39952679
   3.5127531   -9.6196692   20.4739497   11.80159058  -0.67325929
  25.54907868  13.56786135   0.45486332  27.19363599  16.18095132
  23.5948668 ]
[-13.08874278 -21.87632887   8.57077459  11.59965846   5.65355256
   7.52673547 -18.56978486   9.55739893  14.56357153  -0.16302527
  22.73390082  13.00155843  10.19341429  27.66675282  30.98718148
  -0.54528676   0.63457137  28.25779544   6.38713438  20.75590935
   5.66914005  24.94508137   7.62308775  18.28618736  21.54852135
  26.00704868  12.25044497  12.88793511  23.84208091  38.35949361
  17.51845568   3.96607607  21.34541184  31.72357175  24.5930675
  17.25853554   9.68638503  25.6118206   33.29041504  33.49105427
   3.83281535 -11.74161074  21.68689694  10.92120956  -1.87487976
  26.47690269  11.01846681  -0.56211467  26.72935252  18.82449017
  23.10010364]
[-12.44387242 -20.723687     9.85595275   9.66110001   3.67535246
   6.15177811 -16.30938333   7.80511319  13.01109954  -0.85411578
  22.45429022  14.42881733  11.56093786  28.16637517  31.52183014
  -1.66243729   3.02065079  28.62325986   8.54094906  20.35929662
   8.43434975  23.75096313   8.5388775   19.44644505  21.01850929
  25.63630292  13.08326377  11.72772221  21.15238834  38.97319241
  19.85642079   3.66856631  20.03071029  29.8788431   25.17296296
  15.01748385  11.12160588  26.44241619  31.84888874  32.66148658
   5.08498586  -9.05344519  20.4538065   11.7635436   -2.12944941
  25.81714304  13.66259487   1.64630121  25.16263291  17.83382991
  22.25592397]
[-12.44387242 -20.723687     9.85595275   9.66110001   3.67535246
   6.15177811 -16.30938333   7.80511319  13.01109954  -0.85411578
  22.45429022  14.42881733  11.56093786  28.16637517  31.52183014
  -1.66243729   3.02065079  28.62325986   8.54094906  20.35929662
   8.43434975  23.75096313   8.5388775   19.44644505  21.01850929
  25.63630292  13.08326377  11.72772221  21.15238834  38.97319241
  19.85642079   3.66856631  20.03071029  29.8788431   25.17296296
  15.01748385  11.12160588  26.44241619  31.84888874  32.66148658
   5.08498586  -9.05344519  20.4538065   11.7635436   -2.12944941
  25.81714304  13.66259487   1.64630121  25.16263291  17.83382991
  22.25592397]
[ -0.27829945 -25.47263901   1.41547627  10.02512225   8.49584456
 -20.96549111  -6.44690895  29.70202747  14.94504915  -7.99098549
   1.05900084  10.38784569  10.52476978  22.19108052  24.23995792
   9.58726056  -8.8616037   18.01761904  30.60933743   5.42593227
  23.94243291  35.15591359  13.8089861   28.46986237   8.88912085
  17.98618069  13.38743068  11.69536594  -3.13719835  27.20554091
  23.13056055  35.22173791  24.59067118  18.32030851   4.18826607
  22.1560102   22.38053167  -5.08812356  -0.4158963   15.07322762
   1.6612631   11.17088797  31.56240155  21.22150339  30.37473686
  10.00909024  17.27821914  -3.77807714  13.21146405  17.74723875
  30.70486509]
[  1.94935962 -27.06595674   1.59109256   9.11415668  11.15701989
 -21.78144191  -9.00103932  32.9169322   16.73128617  -4.52419762
   1.7755213   11.4912345    7.62870677  23.04201753  26.78496207
  11.32546005 -18.89840206  16.58526968  29.23941721   4.11162998
  24.85008268  43.89067031  14.95992001  33.99768933   7.87829792
  18.33338434  15.25608669   7.19152438  -3.34923927  27.67202936
  22.78595955  36.5950145   27.83631275  16.23680916   7.08353387
  18.15521346  23.07036756  -8.77546524   2.44144087  13.57456029
  -5.49278324  13.66982922  34.54766042  22.02977381  31.67042216
  11.42835682  16.13223304  -7.00581804  13.52764329  19.0568806
  35.65740973]
[  1.52185894 -29.3890208    0.69149926  11.90574246  11.58183518
 -23.99282534  -8.9047075   36.0736594   17.8535058   -6.85721411
   1.42465959   8.84974184  11.41208129  24.31157079  28.54970003
   9.74041889 -17.41614666  16.32262358  33.8515362    3.3338729
  23.48562822  46.21004042  15.8241504   32.5343712   10.24003583
  19.22097146  12.47420829   7.68933312  -4.06299444  28.9751993
  24.24636016  39.20116754  27.63086898  18.75925259   5.38826482
  22.06069891  20.68900128  -8.93657005  -0.60551262  14.75631992
  -4.14576389  14.00884425  34.88111056  20.46458066  30.7867277
  12.98774569  17.0082049   -9.49702285  14.39816064  17.74930781
  36.01730235]
[  0.93154472 -27.44832655   0.85540547  12.40198051   8.70017061
 -23.55317744  -8.77689047  32.2072606   17.36741667  -6.35046542
   1.43404173   8.83741394  11.88506578  25.01890323  26.5729568
  10.77556959 -15.83179531  19.20533247  31.28958395   3.50628797
  24.30760008  40.29014212  14.69337889  29.2286248    8.54163354
  18.24334004  14.89224848   9.16976677  -3.72663114  26.91355105
  23.89490021  35.71170236  25.21581234  17.05299648   3.9730697
  21.53817085  23.64657455  -8.04857826  -1.12668669  13.86072917
   0.0481929   13.21591163  33.45799519  19.85374515  32.7027005
  11.01650295  17.41652289  -5.67292475  14.71394131  19.32379018
  32.27261642]
[  1.45660504 -28.74796571  -1.05729634  13.58121526  10.17129307
 -23.72889649  -9.27926513  33.41367278  19.1754696   -6.25138025
   0.92320906   7.17894782  11.61999596  25.83504313  27.23884874
   9.59015415 -15.21038014  16.70114406  31.94459502   2.45069065
  25.03682447  40.99278575  14.20844004  29.06914647  10.37529234
  18.72610753  12.02935394  10.32180052  -2.42789767  28.99285738
  23.94757837  37.63179292  25.69944465  19.42738873   4.23244533
  21.19134073  24.63340125  -8.93613168  -2.67348108  16.55844684
  -4.59509593  11.63585949  33.54290791  19.9976142   31.90371786
  10.53309021  19.44605776  -5.42449978  15.97948669  16.10527514
  33.62478361]
[ -0.33396773 -31.49497564   0.3387401   13.59802123  10.82792472
 -25.70844268  -8.66369491  37.94541552  18.97829847  -8.06113144
   2.00794334   8.1094595   10.06353348  28.14239486  28.36304114
  10.08304682 -19.15209566  17.93349007  32.22129447   2.52203058
  26.55203677  43.16562861  13.50727911  33.63317643   9.15731365
  19.31793586  15.23732913  11.3390712   -3.5225115   30.10566027
  25.78137803  40.55467041  27.67395776  19.455217     2.79599416
  22.30343044  25.04423941 -10.0825294   -4.39792206  14.9550343
  -4.48848451  12.71713849  35.40693783  21.75941345  32.64596689
   9.99086361  18.07804436  -8.49769751  14.25385894  19.5283251
  34.79675243]
[  0.56012475 -33.50059146   0.99960625  14.52428967  10.91311403
 -26.07336868 -11.2771163   36.53232537  20.6268075   -7.11388816
   1.58818214   7.22253649  10.29348828  28.42525241  28.32938064
   9.01970056 -20.12949763  17.44055725  33.25430341   1.82774123
  26.23980746  44.72138307  13.60679401  31.04769996   8.68701974
  18.81372693  13.71033943  10.46843592  -5.31359609  30.9689077
  26.22571714  40.44087978  25.8072361   19.26924481   3.54287159
  21.25124666  26.62411896 -11.50194151  -5.75957549  14.515993
  -4.10904084  13.70260948  34.93697348  21.15650622  34.44850348
  10.21388905  19.42788562  -7.64056978  16.40846892  18.2782427
  34.45832483]
[ -0.35306027 -34.47080323  -0.18620612  15.54825067  11.41446684
 -29.28848344 -10.06759725  40.59629567  22.29811306  -8.42050498
   1.0038862    7.81145765   9.10218655  31.87709848  29.3620316
   9.84259769 -21.35841571  17.89294695  35.00640088   0.48046105
  28.44907721  46.25295697  13.44634585  33.47982817   9.95675204
  21.13844043  11.95187994  10.83514063  -7.05793781  30.55796811
  29.48471932  43.5051418   26.88399205  18.11078506   2.56727849
  21.50040699  25.0555972  -12.50602836  -7.67959423  14.39968828
  -4.47068397  13.48612977  37.11686692  21.65257312  35.94724496
  11.76089654  21.23562689  -9.91373516  15.63421772  20.2310159
  34.43852286]
[ -0.47053806 -32.70527332  -0.2224852   14.85873841  10.15482291
 -26.75975636 -10.71197832  36.9296694   20.84661394  -7.85567136
   1.67908285   6.03039258   9.98637106  31.88813501  27.88297933
   9.12814542 -18.74537897  18.14272957  32.53808496   2.40262235
  26.52767944  42.47576153  12.64899007  31.20170909   9.22675297
  19.35977435  13.18170732  10.52943105  -3.02595006  31.3341653
  26.9950077   40.46912026  24.66689818  19.39926436   4.20725463
  21.7034436   25.32603571 -10.74491268  -6.9586834   16.88754087
  -3.44191808  12.69566347  35.1438867   20.33406825  34.69659727
  10.04335602  19.87068471  -8.18879866  16.30463444  17.64566386
  33.25144092]
[ -0.31541988 -34.26341989  -0.19460904  16.40855637  11.08452616
 -29.0331032  -10.49902974  39.20098417  22.23716725  -8.36003081
   1.15375067   5.99219149  10.70130818  31.67502334  29.52632415
   9.25722571 -21.36610475  18.37038585  34.26640019   0.43744795
  27.91399364  45.81391975  13.34031609  32.33274524  10.02918983
  19.53060338  13.0871911   10.58644628  -5.54698698  31.3213
  27.94191094  42.98301971  26.47282359  19.47330498   2.24009714
  22.42506127  26.55941823 -12.70907421  -7.87432197  15.12798646
  -4.57033007  12.67035631  36.43346451  21.05353916  35.75607614
  10.34729441  20.07910865  -9.44395034  16.50489477  18.56356055
  35.15718177]
[ 11.23297733   0.50311486 -21.84809864 -27.3271086   -4.30978287
  -0.54726045  -8.90623332  22.39060281  -9.60911631  -5.5449983
  14.67678797  -8.65331041  27.90919106   7.59111676 -10.04904055
  18.95163849   8.46290369   3.02500007  -8.13138037  39.25312944
  10.79713165  22.85668204  13.46068482  25.51917289  11.06570217
 -10.27351662  28.20589074  20.50893339  28.87267017   9.42065541
  41.10133235  -3.61220032  29.54022585   4.03012802   4.08066135
  10.7590202   19.79563348  21.0389399   18.27221022  52.97507612
  -4.67961715  24.91105914  12.20414768  24.56389736  23.52260092
   5.3250915   15.76686492  19.89528347   8.61919846  21.04178263
  25.511662  ]
[ 13.43203116  -0.37998189 -23.83138765 -31.82366156  -5.03527617
  -0.60347781  -9.89502155  25.82454427 -13.52643573  -9.22484258
  17.18472797 -13.20569156  30.83866364  10.69232546 -15.58398528
  18.46459148   7.89241332  -1.01572091  -9.37432217  45.58151926
   9.77688778  23.37142467  14.34556155  25.89969458  11.57515817
 -14.26018089  31.73461929  19.89605159  30.60441089   6.89975969
  42.54707944  -5.19588966  33.42569481   4.93948383   3.26503025
   8.77908429  20.43667118  21.20294421  16.38516179  56.42337109
  -8.61811177  27.22550459  13.36029316  25.09079291  25.37692362
   1.72349923  17.00451345  17.9482815    5.54777501  20.51011902
  27.7575764 ]
[ 13.12491728  -3.60019472 -15.12689146 -28.2813887   -3.73237111
   4.36369947 -14.7661146   20.8290853  -11.54907452  -2.82719476
  19.02310119   5.70760828  28.79607529   8.48072413  -0.99072017
  22.61549975  11.45117669   3.22611884  -0.49792501  35.26256194
  17.94199095  15.71420726   5.01189452  24.86165549  12.44768188
  -2.06235614  26.86182278  19.77734449  29.72902703  17.91776954
  43.29477116  -6.56934407  22.01855298   6.68710678  -5.16853397
  19.28679994  21.04957322  18.81266778  11.70136916  42.72244782
   5.55093143  18.6183549    5.48923214  22.63448405  26.17116439
  12.45090098  10.14164183  15.28285171   4.77800445  24.62835625
  13.69952143]
[ 1.50282654e+01  3.17910968e-02 -1.98143595e+01 -3.02234198e+01
 -4.97036203e+00  1.48592644e+00 -1.28767788e+01  2.41841022e+01
 -1.66968049e+01 -8.77751189e+00  2.34126115e+01  4.82293954e-01
  3.05395077e+01  1.13671015e+01 -1.23652313e+01  2.40191075e+01
  1.05756805e+01  9.18487870e-02 -8.79342724e-01  3.88879358e+01
  1.78882598e+01  2.32554974e+01  8.43137725e+00  1.83175532e+01
  1.59914683e+01 -5.42103977e+00  2.82130717e+01  1.35070485e+01
  2.93207965e+01  1.81964585e+01  4.37587265e+01 -9.17502398e+00
  3.09650421e+01  5.23115519e+00 -6.14527998e+00  1.27180966e+01
  2.07057150e+01  2.53403983e+01  8.79488689e+00  4.78080438e+01
 -3.57245101e+00  1.91790809e+01  6.95921085e+00  1.70032348e+01
  2.94722553e+01  3.99881966e+00  1.74231437e+01  1.64241688e+01
  2.45370402e+00  1.71840914e+01  1.83049403e+01]
[ 1.50282654e+01  3.17910968e-02 -1.98143595e+01 -3.02234198e+01
 -4.97036203e+00  1.48592644e+00 -1.28767788e+01  2.41841022e+01
 -1.66968049e+01 -8.77751189e+00  2.34126115e+01  4.82293954e-01
  3.05395077e+01  1.13671015e+01 -1.23652313e+01  2.40191075e+01
  1.05756805e+01  9.18487870e-02 -8.79342724e-01  3.88879358e+01
  1.78882598e+01  2.32554974e+01  8.43137725e+00  1.83175532e+01
  1.59914683e+01 -5.42103977e+00  2.82130717e+01  1.35070485e+01
  2.93207965e+01  1.81964585e+01  4.37587265e+01 -9.17502398e+00
  3.09650421e+01  5.23115519e+00 -6.14527998e+00  1.27180966e+01
  2.07057150e+01  2.53403983e+01  8.79488689e+00  4.78080438e+01
 -3.57245101e+00  1.91790809e+01  6.95921085e+00  1.70032348e+01
  2.94722553e+01  3.99881966e+00  1.74231437e+01  1.64241688e+01
  2.45370402e+00  1.71840914e+01  1.83049403e+01]
[ 1.50282654e+01  3.17910968e-02 -1.98143595e+01 -3.02234198e+01
 -4.97036203e+00  1.48592644e+00 -1.28767788e+01  2.41841022e+01
 -1.66968049e+01 -8.77751189e+00  2.34126115e+01  4.82293954e-01
  3.05395077e+01  1.13671015e+01 -1.23652313e+01  2.40191075e+01
  1.05756805e+01  9.18487870e-02 -8.79342724e-01  3.88879358e+01
  1.78882598e+01  2.32554974e+01  8.43137725e+00  1.83175532e+01
  1.59914683e+01 -5.42103977e+00  2.82130717e+01  1.35070485e+01
  2.93207965e+01  1.81964585e+01  4.37587265e+01 -9.17502398e+00
  3.09650421e+01  5.23115519e+00 -6.14527998e+00  1.27180966e+01
  2.07057150e+01  2.53403983e+01  8.79488689e+00  4.78080438e+01
 -3.57245101e+00  1.91790809e+01  6.95921085e+00  1.70032348e+01
  2.94722553e+01  3.99881966e+00  1.74231437e+01  1.64241688e+01
  2.45370402e+00  1.71840914e+01  1.83049403e+01]
[ 14.4626573   -0.43537699 -19.11139268 -29.57181898  -4.72046193
   1.82139814 -12.92511698  23.42968168 -15.41594958  -7.56369037
  22.24349403   1.08109411  30.01129751  10.6103112  -10.29666402
  23.61103406  10.63984048   0.89667555  -1.08285974  38.03852754
  17.63202885  22.10053886   8.10690404  19.58350785  15.22241235
  -4.93481236  27.82865844  14.77588454  29.26993025  17.8945761
  43.49550823  -8.45914138  29.38037771   5.34394225  -5.50057648
  13.70115011  20.6819176   24.17820407   9.74633747  47.10996062
  -2.07239796  19.23187253   6.91712864  18.14322086  28.62247535
   5.49139457  16.21215352  16.51385156   3.2332435   18.48061346
  17.83201815]
[ 15.1579306    3.79265066 -23.45360824 -30.9176608   -8.94411641
   4.31122813 -13.56448674  20.67185468 -18.35342207 -12.02282775
  24.99518752  -4.6654688   33.67712507  14.82485818 -13.6682443
  26.26260541  14.61888099  -3.28633962   3.49393297  38.77990901
  19.35345043  19.82205731   7.29127591  21.13709412  16.51233046
  -6.32031677  27.86463712  15.01109194  33.15752429  19.03526577
  45.19254932  -3.70272051  31.24958367  10.85544922  -2.43200915
   8.00384671  17.31119508  27.03811368   5.20074293  42.963099
  -2.91971539  26.19196671   5.52481203  14.93105247  24.68848062
   1.74028274  20.39785741  10.90328172  -1.18982323  14.15563585
  20.06304525]
[ 15.1579306    3.79265066 -23.45360824 -30.9176608   -8.94411641
   4.31122813 -13.56448674  20.67185468 -18.35342207 -12.02282775
  24.99518752  -4.6654688   33.67712507  14.82485818 -13.6682443
  26.26260541  14.61888099  -3.28633962   3.49393297  38.77990901
  19.35345043  19.82205731   7.29127591  21.13709412  16.51233046
  -6.32031677  27.86463712  15.01109194  33.15752429  19.03526577
  45.19254932  -3.70272051  31.24958367  10.85544922  -2.43200915
   8.00384671  17.31119508  27.03811368   5.20074293  42.963099
  -2.91971539  26.19196671   5.52481203  14.93105247  24.68848062
   1.74028274  20.39785741  10.90328172  -1.18982323  14.15563585
  20.06304525]
[ 15.1579306    3.79265066 -23.45360824 -30.9176608   -8.94411641
   4.31122813 -13.56448674  20.67185468 -18.35342207 -12.02282775
  24.99518752  -4.6654688   33.67712507  14.82485818 -13.6682443
  26.26260541  14.61888099  -3.28633962   3.49393297  38.77990901
  19.35345043  19.82205731   7.29127591  21.13709412  16.51233046
  -6.32031677  27.86463712  15.01109194  33.15752429  19.03526577
  45.19254932  -3.70272051  31.24958367  10.85544922  -2.43200915
   8.00384671  17.31119508  27.03811368   5.20074293  42.963099
  -2.91971539  26.19196671   5.52481203  14.93105247  24.68848062
   1.74028274  20.39785741  10.90328172  -1.18982323  14.15563585
  20.06304525]
[  5.95334963 -18.24336118  -8.86924519  -5.0488247   -2.05182023
 -11.45230365 -19.01745421  24.71712341  18.7804461   -6.55407305
   7.39795984  12.07369524   2.66775958  14.63143034  30.99404852
  18.33836694   6.67356827  31.23473779  43.05084227   0.05220566
  19.35036939  24.69654481  11.46427415   9.37068938  14.24180217
  21.35283483  19.86095647   6.32814628  27.24473471   7.4085899
  33.75565759  12.40338314  10.36304485  27.41274431   8.54784794
  19.01398227   6.40757027  15.20501879  22.34307814 -17.72525646
  -6.66420696  25.37337828   0.4113572   18.00487004  -0.55269751
  14.08694223   8.02068175  12.55261244  28.19415767  -0.40506172
  16.42834094]
[ -0.57884734 -15.08129933  -7.8372123   -6.68821934   1.95896971
  -9.53130635 -15.27434052  28.88585258  20.77493783 -11.10447792
  10.80722534  12.00396767   4.83412881  18.45847631  28.4715254
  18.28491013   3.05418592  31.7106944   45.99749099  -4.19217219
  23.78230323  27.64937163  16.74993378   4.36480705  13.13979557
  25.46053034  18.74153599   0.58005574  28.04563657  11.47416392
  36.73873772  13.08379105  13.230501    22.55313609   3.49754885
  18.34423828  10.93599233  18.16627177  21.84690212 -19.59467685
 -10.07356985  25.12414294   3.47179189  15.93142773  -3.43231746
  16.60725265  10.97277475   9.11103234  28.52804944   1.51411728
  21.83793285]
[ -0.43377612 -18.01968003  -6.70736477  -3.42407709   2.47658423
  -8.08989048 -10.95752261  28.62850435  13.98833313  -2.31948626
  11.22874437  11.58582044   8.01125755  19.02597004  30.39381475
  12.8603095    7.02086826  29.44793995  41.97535602   0.49334285
  23.90210383  26.00379596  16.21395837   8.02254182  12.89779999
  22.30065516  17.31248505   8.94769312  25.34154833  13.20730422
  33.864873    12.50268355  12.02229109  25.03784051   8.05294635
  15.81067417   7.53178585  16.65931511  18.92882024 -16.04163163
  -5.95809474  21.37248101  -1.5987743   16.87192196  -4.09094061
  13.89243169   6.80206856  11.66154982  29.15995444   4.91885256
  21.31607888]
[  1.04221842 -19.4369948   -8.70512684  -3.42642579   0.89271593
  -9.99859049 -15.78706323  27.91457707  17.9669692   -4.69183441
  11.22099917  10.95149117   5.20599023  17.2086399   31.50961022
  14.7653179    4.8825758   32.6618386   45.54750991   0.30571369
  22.74025366  26.57742034  15.03570363   8.12584623  10.85824654
  24.14507828  18.90748815   6.75530437  28.70614215  10.61013778
  35.64365357  13.0980102    9.84242371  26.43476036   7.71553478
  18.52409899   7.26570894  17.15804962  22.05710012 -18.62486568
  -6.84744504  24.70835832  -1.61532616  16.98331178  -2.86420484
  13.81695174   6.72866535  11.46918689  29.44956336   1.32630296
  20.16597578]
[  2.95914702 -17.72248345  -6.81115853  -3.80011188   1.56872553
 -14.08714537 -21.01758214  27.38974606  19.36716658  -7.69710138
  10.38635747  11.70490354   3.88272481  13.51810818  32.62685498
  17.79018222   6.25574428  33.07859531  46.75685772  -1.16060864
  21.5448773   26.61699092   9.90526868   5.28292485  11.10066635
  26.98481455  20.43796804   7.6391512   27.8498915    5.03048655
  34.55296423  13.88684947  10.41517442  25.35610123   6.74407785
  20.40816492   8.04543306  20.41634315  23.22931426 -20.14212144
  -6.72778027  24.29768815   0.14789243  18.06010644  -3.98556359
  13.93526956   8.59400755  14.45437942  31.44193448  -0.23312568
  17.07705575]
[  2.57999051 -17.03855802  -6.56708301  -3.43844929   0.3751156
 -14.37454273 -20.42749888  24.42941448  16.67550313  -8.8912851
   8.71146325  10.70371159   2.36223302  15.31548974  32.01150305
  18.34209758   6.27761714  34.09137994  43.39310567  -1.71499579
  19.07349221  25.87516984  14.3994813    4.19631264  15.4562646
  27.44090962  18.39786458   7.30232988  28.45416018   9.16693314
  34.81925107  12.78635942  10.97680981  24.37906748   5.36670966
  22.37738893   6.28323296  18.34344381  24.01414975 -19.36343011
  -6.49996101  26.91341899   3.36700839  19.21709138  -3.44109657
  14.8186002    5.54919791  11.3943867   30.9032561    0.47086508
  17.01635174]
[  3.37195497 -18.80750676  -6.25345706  -3.61734571   0.9924162
 -12.26640813 -18.92721114  26.93399415  18.34647945  -8.07364096
  10.19568493  10.2622215    2.74416515  15.21570612  32.42007809
  16.52133858   5.36104525  34.00523196  45.31603473  -0.35908819
  19.89615639  26.29210107  13.36602839   5.90003114  11.67954533
  27.17125175  19.32620209   8.88257007  28.5513178    8.0057369
  36.91729267  14.40910922  10.73137871  24.62657574   7.25347874
  21.55122558   6.09153721  18.01086418  23.16904594 -18.30554289
  -6.39717133  25.34304685  -1.71237851  18.71185407  -5.03573805
  13.0744672    7.46934345  13.72176424  31.79716257  -1.48381158
  17.59384184]
[  1.78668098 -20.26522834  -5.30517362  -3.65145068   1.24187103
 -16.35337294 -20.6766613   27.74073879  18.10259339  -6.02252779
  12.2246943    9.30210685   3.09462256  13.95123932  35.35652414
  15.61665561   4.5339881   34.81644448  48.28471072  -0.1254789
  19.39395461  27.41686446  11.32480569   6.88104283  10.16625465
  29.1347803   20.13680036  11.289255    29.9889108    6.05755198
  35.36381263  16.23818176   7.36602087  27.18960022   6.65382338
  21.21905188   6.02783404  19.53607224  22.06117258 -18.46406473
  -7.268594    24.53349274  -2.71508719  19.18363491  -6.37419194
  12.37426866   5.70324825  13.70635825  34.51938471  -2.31230207
  18.00197665]
[-3.32621262e-02 -1.63148027e+01 -7.72646346e+00 -9.34249573e-01
  6.99811558e-01 -1.29361777e+01 -1.96447229e+01  2.71639118e+01
  1.82414025e+01 -8.12387762e+00  8.43978219e+00  8.73851734e+00
  5.00175838e+00  1.46466201e+01  3.14274768e+01  1.76458715e+01
  3.51152732e+00  3.50218338e+01  4.60855034e+01 -4.21221780e+00
  2.05922851e+01  2.74792145e+01  1.08515577e+01  4.04912350e+00
  1.26827914e+01  2.81226420e+01  1.61594544e+01  9.76940808e+00
  3.01802008e+01  8.48073926e+00  3.29524319e+01  1.53769184e+01
  1.43772677e+01  2.28904020e+01  7.42773038e+00  2.20202247e+01
  5.68220567e+00  2.07114935e+01  2.13937364e+01 -2.19767909e+01
 -9.83846853e+00  2.20791979e+01  2.21915722e+00  1.64942560e+01
 -7.79066444e+00  1.26751367e+01  9.12961877e+00  9.64859466e+00
  3.30940095e+01  3.05132764e+00  1.82383730e+01]
[  3.12586311 -17.21148773  -5.12999645  -3.57847404   0.54475069
 -15.45359093 -21.37914809  25.91692564  19.41210669  -9.131792
  10.23171593   9.55683375   2.43128625  13.33675104  33.0836333
  17.46320546   5.12834247  34.86520535  46.53399573  -2.92220142
  19.81237388  27.59149934  11.58880363   3.72328122  13.36457783
  29.13732609  18.4678771    9.52988581  29.19095505   7.0326067
  35.60455564  14.71525816  11.93129614  24.49456075   5.69306996
  22.36779759   6.96131818  20.22411364  23.64671556 -20.30312097
  -7.916313    25.11596497   1.00134378  19.29108129  -6.1373879
  13.16755048   7.68232357  13.13610185  32.62847941  -0.67916467
  16.88425221]
[ 17.48866333  17.64799296 -10.58437726  11.98832929  -5.64320507
 -23.47770454   8.28327902  -4.88290673 -20.88190756   1.07926866
  -3.43426932  14.64041481  29.53741067   0.49043208  19.40418453
  27.92817244  -6.10026311  17.14533496  14.77127564  12.23698435
  10.924785    -5.33266792  19.69675291  12.58592628  17.12125288
  26.72013811  16.3068054   22.39151689  11.5236517   33.04512623
 -14.13107996  25.48170384  13.63182955   4.93560748  24.64011314
  17.25744779  -0.31485957   7.17823831  20.11320482   3.55417346
  41.08011529  16.91671889  14.06604406   5.15907296  17.82231892
  25.71859788  16.99889664   6.35264948 -10.00493638   3.96273938
  29.99308996]
[ 16.40790852  13.41302317  -7.48518365  10.41919761  -9.61987122
 -20.60378216   5.98150643  -2.90126371 -18.97213237  -4.92299553
   1.06679256  15.6058499   29.90376002   5.61046079  24.64965844
  26.57726777  -1.21285192  22.02236106  10.44866731  15.58106642
  15.04343018  -2.07367738  15.87527396   7.46622779  11.69258236
  21.93394381  16.2967322   27.04991437  17.32520961  27.96868464
 -11.69161807  17.86258219   9.4153793    9.04866424  28.12425933
  14.28811378   3.30687318   5.62602459  17.94312365   3.70470964
  40.36979796  16.60620574  13.57009269   3.79862456  22.8944276
  22.76760837  20.16690379   8.8542097   -7.55443735   2.81766781
  30.41394868]
[ 18.74861598  15.86752521  -8.33235461  12.65384993  -9.94488615
 -24.06329407   7.13347877  -4.41423453 -22.25152804  -4.26434725
  -0.1404792   14.27912335  30.43623903   4.28641485  25.15642105
  29.45578372  -2.83640026  20.66093902  11.64439811  14.25093922
  13.75104367  -3.23366014  17.27439709   8.30333276  13.33512276
  24.62252678  14.86944329  28.23047258  16.45190205  31.44875806
 -16.9074425   20.71040623   8.38224155   8.85305678  29.21298919
  15.24913637   2.03191522   3.25393091  18.37625828   3.02571955
  43.24119057  18.44262488  14.88373787   4.07519458  22.65732035
  24.60865668  19.70539013   7.88116188 -10.48537125   1.49767936
  31.73741836]
[ 18.74861598  15.86752521  -8.33235461  12.65384993  -9.94488615
 -24.06329407   7.13347877  -4.41423453 -22.25152804  -4.26434725
  -0.1404792   14.27912335  30.43623903   4.28641485  25.15642105
  29.45578372  -2.83640026  20.66093902  11.64439811  14.25093922
  13.75104367  -3.23366014  17.27439709   8.30333276  13.33512276
  24.62252678  14.86944329  28.23047258  16.45190205  31.44875806
 -16.9074425   20.71040623   8.38224155   8.85305678  29.21298919
  15.24913637   2.03191522   3.25393091  18.37625828   3.02571955
  43.24119057  18.44262488  14.88373787   4.07519458  22.65732035
  24.60865668  19.70539013   7.88116188 -10.48537125   1.49767936
  31.73741836]
[ 18.76383019  14.35376664  -8.3703092   12.8378243   -8.81118239
 -23.0009678    5.21258477  -5.4263476  -22.84195067  -5.13641461
  -0.38570661  14.19492264  31.05343223   3.39623641  26.12458274
  27.28858683  -3.18992616  20.96814294  11.03728206  14.44885891
  13.58050539  -4.18704343  18.19622969   6.7009498   13.12412728
  23.74823546  14.52871845  26.63851414  17.34983666  32.32138437
 -16.61027558  20.06515297  10.11377037   6.67122861  27.13246799
  16.59153099   2.45988434   4.5851533   20.15919188   3.36520027
  43.19863222  18.10015815  14.86019389   5.37311404  23.21556104
  24.17396336  19.51114369   7.12318227  -8.52828581   1.99260008
  32.94664576]
[ 18.00910365  15.06759307  -8.16448099  11.97275958  -9.87439228
 -22.72498836   6.52054759  -4.01688417 -21.55838143  -5.11585531
   0.3668948   14.82515928  30.49718341   4.90165244  25.32916495
  28.23179139  -2.23010407  21.15829085  10.94583721  14.82030056
  14.47927481  -2.91125292  17.05094651   7.44194554  12.56090747
  23.6787515   15.26716345  27.87259916  17.53515448  30.64566971
 -15.54277424  19.67374972   8.82098854   8.81802994  28.74580454
  15.0167905    2.56575153   4.09037221  18.59741352   3.17390025
  42.51686555  18.05215965  14.51284982   4.13835411  22.83380533
  23.76728892  19.78112627   8.18274138  -9.10975175   1.86573196
  31.82776224]
[ 18.00910365  15.06759307  -8.16448099  11.97275958  -9.87439228
 -22.72498836   6.52054759  -4.01688417 -21.55838143  -5.11585531
   0.3668948   14.82515928  30.49718341   4.90165244  25.32916495
  28.23179139  -2.23010407  21.15829085  10.94583721  14.82030056
  14.47927481  -2.91125292  17.05094651   7.44194554  12.56090747
  23.6787515   15.26716345  27.87259916  17.53515448  30.64566971
 -15.54277424  19.67374972   8.82098854   8.81802994  28.74580454
  15.0167905    2.56575153   4.09037221  18.59741352   3.17390025
  42.51686555  18.05215965  14.51284982   4.13835411  22.83380533
  23.76728892  19.78112627   8.18274138  -9.10975175   1.86573196
  31.82776224]
[ 15.47778491  20.92932552  -9.07238085  16.58754563  -7.79339385
 -29.15884658   9.12641007  -8.59789018 -27.70014016  -7.99716078
  -3.28731519  10.69427869  34.25106304   6.50507326  25.81626191
  32.16466081  -3.03437003  20.62750588  10.40571425  12.94977983
  14.04847811  -2.51704633  13.04234917  10.10480322  12.3158522
  26.62719405  17.29760582  33.52358735  20.3400795   29.7745074
 -22.70335223  15.97426141   6.7040031    7.04329004  30.04381902
  13.92741235   4.61824713   7.04257203  21.6476567    3.56735278
  46.19020574  17.68893999  13.57016313   4.91928526  20.88515958
  22.02923076  21.5528427   10.83301308  -7.9255419   -2.373133
  33.57541217]
[ 18.4179129   16.44177823  -8.64296068  13.35742559  -9.98335561
 -24.65030446   6.78116705  -5.12861907 -23.91323703  -6.31478636
  -0.19375159  13.886       32.10898886   4.85931924  26.3278521
  28.98808823  -2.93285501  21.26506488  10.46441917  14.81301342
  14.32258485  -3.71912685  16.72004227   7.00874535  12.5166135
  24.40486914  15.15571092  29.72649852  18.89377019  31.33822909
 -18.66148243  19.14132121   7.88037187   8.01129577  29.76291219
  14.92659018   2.87165761   3.94254124  19.43394025   2.99665629
  45.24353735  18.44573909  14.57030198   4.09373924  23.418637
  23.6514057   20.63642763   8.39687073  -9.29296527   0.57933958
  33.37649849]
[ 18.02448212  17.12771896  -8.53345142  14.12745289  -9.98406773
 -25.5750892    7.02458656  -5.84457743 -24.95923493  -7.39316993
  -0.43373345  13.22661669  32.73446859   5.57202458  26.94247291
  29.64493383  -2.64259962  21.54924051  10.06806763  14.64673671
  14.5919081   -3.31413129  15.84784833   6.9467186   12.04364197
  24.61670331  15.40868171  31.02363772  19.90439592  30.99163819
 -19.86324513  18.00124471   7.1770569    8.14691448  30.1986741
  14.58967613   3.43882561   4.20864682  19.83694168   3.04623797
  45.72818211  18.48277661  14.49022272   4.23488074  23.47867472
  23.17622638  21.09764802   8.97271124  -8.97168691  -0.28187352
  33.80021187]
[ 18.07827909  18.12183958  -8.85147296  15.00518423  -9.89944047
 -26.20025955   6.58591976  -7.31546863 -25.25453515  -8.00038209
  -1.10782264  13.32811367  33.24681534   5.10242436  27.88634372
  31.25828392  -3.45040789  21.4756578   10.81037125  13.26307635
  14.44170313  -3.24922238  16.06149201   6.43463971  12.79978799
  24.9768392   15.31601984  30.69958248  20.17379948  31.97385129
 -20.84047351  18.60362443   7.23987942   8.90683511  29.40546749
  14.49785921   2.7406124    3.77658825  19.76334525   2.6681511
  45.52046764  18.97952509  15.46593535   3.64969201  23.50683591
  23.30664993  21.07352255   9.44457383  -8.96137074  -1.51543551
  33.55914679]
[ 18.07827909  18.12183958  -8.85147296  15.00518423  -9.89944047
 -26.20025955   6.58591976  -7.31546863 -25.25453515  -8.00038209
  -1.10782264  13.32811367  33.24681534   5.10242436  27.88634372
  31.25828392  -3.45040789  21.4756578   10.81037125  13.26307635
  14.44170313  -3.24922238  16.06149201   6.43463971  12.79978799
  24.9768392   15.31601984  30.69958248  20.17379948  31.97385129
 -20.84047351  18.60362443   7.23987942   8.90683511  29.40546749
  14.49785921   2.7406124    3.77658825  19.76334525   2.6681511
  45.52046764  18.97952509  15.46593535   3.64969201  23.50683591
  23.30664993  21.07352255   9.44457383  -8.96137074  -1.51543551
  33.55914679]
[ 18.07827909  18.12183958  -8.85147296  15.00518423  -9.89944047
 -26.20025955   6.58591976  -7.31546863 -25.25453515  -8.00038209
  -1.10782264  13.32811367  33.24681534   5.10242436  27.88634372
  31.25828392  -3.45040789  21.4756578   10.81037125  13.26307635
  14.44170313  -3.24922238  16.06149201   6.43463971  12.79978799
  24.9768392   15.31601984  30.69958248  20.17379948  31.97385129
 -20.84047351  18.60362443   7.23987942   8.90683511  29.40546749
  14.49785921   2.7406124    3.77658825  19.76334525   2.6681511
  45.52046764  18.97952509  15.46593535   3.64969201  23.50683591
  23.30664993  21.07352255   9.44457383  -8.96137074  -1.51543551
  33.55914679]
[ 18.07827909  18.12183958  -8.85147296  15.00518423  -9.89944047
 -26.20025955   6.58591976  -7.31546863 -25.25453515  -8.00038209
  -1.10782264  13.32811367  33.24681534   5.10242436  27.88634372
  31.25828392  -3.45040789  21.4756578   10.81037125  13.26307635
  14.44170313  -3.24922238  16.06149201   6.43463971  12.79978799
  24.9768392   15.31601984  30.69958248  20.17379948  31.97385129
 -20.84047351  18.60362443   7.23987942   8.90683511  29.40546749
  14.49785921   2.7406124    3.77658825  19.76334525   2.6681511
  45.52046764  18.97952509  15.46593535   3.64969201  23.50683591
  23.30664993  21.07352255   9.44457383  -8.96137074  -1.51543551
  33.55914679]
[ 18.07827909  18.12183958  -8.85147296  15.00518423  -9.89944047
 -26.20025955   6.58591976  -7.31546863 -25.25453515  -8.00038209
  -1.10782264  13.32811367  33.24681534   5.10242436  27.88634372
  31.25828392  -3.45040789  21.4756578   10.81037125  13.26307635
  14.44170313  -3.24922238  16.06149201   6.43463971  12.79978799
  24.9768392   15.31601984  30.69958248  20.17379948  31.97385129
 -20.84047351  18.60362443   7.23987942   8.90683511  29.40546749
  14.49785921   2.7406124    3.77658825  19.76334525   2.6681511
  45.52046764  18.97952509  15.46593535   3.64969201  23.50683591
  23.30664993  21.07352255   9.44457383  -8.96137074  -1.51543551
  33.55914679]
[ 18.16497581  18.30311898  -8.91220414  15.2403397   -9.95089985
 -26.42046848   6.50163997  -7.5835798  -25.55082124  -8.2847951
  -1.17967952  13.26287243  33.47405152   5.07616274  28.19147118
  31.46622599  -3.57280275  21.52462526  10.7928923   13.1552525
  14.45692045  -3.31448488  16.0690865    6.21418625  12.82265344
  25.04079504  15.25852363  30.86836225  20.43612847  32.17642375
 -21.29184602  18.57224272   7.12840585   8.94843533  29.43242728
  14.48167474   2.72658885   3.66776407  19.84726327   2.59623854
  45.79763048  19.10537243  15.60489866   3.59504063  23.65043184
  23.2925742   21.17388633   9.49947621  -8.95267039  -1.78695027
  33.74759452]
[ 18.16497581  18.30311898  -8.91220414  15.2403397   -9.95089985
 -26.42046848   6.50163997  -7.5835798  -25.55082124  -8.2847951
  -1.17967952  13.26287243  33.47405152   5.07616274  28.19147118
  31.46622599  -3.57280275  21.52462526  10.7928923   13.1552525
  14.45692045  -3.31448488  16.0690865    6.21418625  12.82265344
  25.04079504  15.25852363  30.86836225  20.43612847  32.17642375
 -21.29184602  18.57224272   7.12840585   8.94843533  29.43242728
  14.48167474   2.72658885   3.66776407  19.84726327   2.59623854
  45.79763048  19.10537243  15.60489866   3.59504063  23.65043184
  23.2925742   21.17388633   9.49947621  -8.95267039  -1.78695027
  33.74759452]
[ 17.81115522  17.93640814  -8.92933271  14.55416152  -9.7139533
 -26.12970102   6.90026595  -7.02419174 -25.19723068  -7.5013527
  -0.99506286  13.10002689  33.06356809   5.02087774  27.22643297
  30.94532453  -3.46224303  21.44557496  10.70633905  13.68406004
  14.43245001  -3.51031328  15.88098756   7.05668979  12.68124892
  24.95732483  15.62434391  30.64856296  19.68137037  31.64387207
 -20.25827059  18.54937116   7.44499126   8.36760432  29.65489412
  14.64953204   3.10324431   4.18871771  19.92181154   2.95188664
  45.35745278  18.67516174  14.92007227   3.92441134  23.25418499
  23.21926356  20.85242543   9.18673957  -9.0231897   -1.06513217
  33.40772255]
[ 17.81115522  17.93640814  -8.92933271  14.55416152  -9.7139533
 -26.12970102   6.90026595  -7.02419174 -25.19723068  -7.5013527
  -0.99506286  13.10002689  33.06356809   5.02087774  27.22643297
  30.94532453  -3.46224303  21.44557496  10.70633905  13.68406004
  14.43245001  -3.51031328  15.88098756   7.05668979  12.68124892
  24.95732483  15.62434391  30.64856296  19.68137037  31.64387207
 -20.25827059  18.54937116   7.44499126   8.36760432  29.65489412
  14.64953204   3.10324431   4.18871771  19.92181154   2.95188664
  45.35745278  18.67516174  14.92007227   3.92441134  23.25418499
  23.21926356  20.85242543   9.18673957  -9.0231897   -1.06513217
  33.40772255]
[ 17.9674801   18.0762134   -8.90889275  14.84561152  -9.82372206
 -26.23808017   6.7229063   -7.25158789 -25.33079074  -7.84159717
  -1.07050748  13.18698551  33.22472009   5.05864601  27.64918814
  31.14281325  -3.48860807  21.47957622  10.74141817  13.45698906
  14.44353755  -3.40719207  15.97260312   6.68098346  12.73886258
  24.98342526  15.45941644  30.73146039  20.00953718  31.86505452
 -20.69055687  18.55524837   7.30406593   8.62760836  29.54706915
  14.57807395   2.93034464   3.95767325  19.8838381    2.79593434
  45.53865021  18.86023143  15.22449244   3.78605452  23.42966868
  23.25333317  20.99595628   9.32109726  -8.98759364  -1.36917993
  33.55831986]
